(kicad_pcb (version 20171130) (host pcbnew "(5.0.0)")

  (general
    (thickness 1.6)
    (drawings 32)
    (tracks 955)
    (zones 0)
    (modules 94)
    (nets 138)
  )

  (page A4)
  (layers
    (0 F.Cu signal)
    (31 B.Cu signal)
    (32 B.Adhes user)
    (33 F.Adhes user)
    (34 B.Paste user)
    (35 F.Paste user)
    (36 B.SilkS user)
    (37 F.SilkS user)
    (38 B.Mask user)
    (39 F.Mask user)
    (40 Dwgs.User user)
    (41 Cmts.User user)
    (42 Eco1.User user)
    (43 Eco2.User user)
    (44 Edge.Cuts user)
    (45 Margin user)
    (46 B.CrtYd user)
    (47 F.CrtYd user)
    (48 B.Fab user)
    (49 F.Fab user)
  )

  (setup
    (last_trace_width 0.5)
    (user_trace_width 0.5)
    (trace_clearance 0.2)
    (zone_clearance 0.508)
    (zone_45_only no)
    (trace_min 0.2)
    (segment_width 0.2)
    (edge_width 0.1)
    (via_size 0.6)
    (via_drill 0.4)
    (via_min_size 0.4)
    (via_min_drill 0.3)
    (user_via 1.2 0.8)
    (user_via 5 4)
    (uvia_size 0.3)
    (uvia_drill 0.1)
    (uvias_allowed no)
    (uvia_min_size 0.2)
    (uvia_min_drill 0.1)
    (pcb_text_width 0.3)
    (pcb_text_size 1.5 1.5)
    (mod_edge_width 0.15)
    (mod_text_size 1 1)
    (mod_text_width 0.15)
    (pad_size 1.5 1.5)
    (pad_drill 0.6)
    (pad_to_mask_clearance 0)
    (aux_axis_origin 0 0)
    (visible_elements 7FFFFFFF)
    (pcbplotparams
      (layerselection 0x010fc_ffffffff)
      (usegerberextensions false)
      (usegerberattributes false)
      (usegerberadvancedattributes false)
      (creategerberjobfile false)
      (excludeedgelayer true)
      (linewidth 0.100000)
      (plotframeref false)
      (viasonmask false)
      (mode 1)
      (useauxorigin false)
      (hpglpennumber 1)
      (hpglpenspeed 20)
      (hpglpendiameter 15.000000)
      (psnegative false)
      (psa4output false)
      (plotreference true)
      (plotvalue true)
      (plotinvisibletext false)
      (padsonsilk false)
      (subtractmaskfromsilk false)
      (outputformat 1)
      (mirror false)
      (drillshape 1)
      (scaleselection 1)
      (outputdirectory ""))
  )

  (net 0 "")
  (net 1 GND)
  (net 2 /3V3D)
  (net 3 "Net-(AMP1-Pad3)")
  (net 4 "Net-(AMP1-Pad2)")
  (net 5 "Net-(AMP1-Pad1)")
  (net 6 "Net-(AMP2-Pad1)")
  (net 7 "Net-(AMP2-Pad2)")
  (net 8 "Net-(AMP2-Pad3)")
  (net 9 /3V3X)
  (net 10 "Net-(AMP2-Pad8)")
  (net 11 "Net-(AMP2-Pad7)")
  (net 12 "Net-(AMP2-Pad6)")
  (net 13 +12V)
  (net 14 /3V3A)
  (net 15 /3V3C)
  (net 16 /3V3B)
  (net 17 "Net-(C10-Pad2)")
  (net 18 "Net-(C28-Pad1)")
  (net 19 "Net-(C29-Pad1)")
  (net 20 "Net-(GPIO1-Pad1)")
  (net 21 "Net-(GPIO1-Pad2)")
  (net 22 "Net-(GPIO1-Pad3)")
  (net 23 "Net-(GPIO1-Pad4)")
  (net 24 "Net-(GPIO1-Pad5)")
  (net 25 "Net-(GPIO1-Pad6)")
  (net 26 "Net-(GPIO1-Pad7)")
  (net 27 "Net-(GPIO1-Pad8)")
  (net 28 "Net-(GPIO1-Pad9)")
  (net 29 "Net-(GPIO1-Pad10)")
  (net 30 "Net-(GPIO1-Pad11)")
  (net 31 "Net-(GPIO1-Pad12)")
  (net 32 "Net-(GPIO1-Pad13)")
  (net 33 "Net-(GPIO1-Pad14)")
  (net 34 "Net-(GPIO1-Pad15)")
  (net 35 "Net-(GPIO1-Pad16)")
  (net 36 "Net-(GPIO1-Pad17)")
  (net 37 "Net-(GPIO1-Pad18)")
  (net 38 "Net-(GPIO1-Pad19)")
  (net 39 "Net-(GPIO1-Pad20)")
  (net 40 "Net-(GPIO2-Pad3)")
  (net 41 "Net-(GPIO2-Pad4)")
  (net 42 "Net-(GPIO2-Pad5)")
  (net 43 "Net-(GPIO2-Pad6)")
  (net 44 "Net-(GPIO2-Pad7)")
  (net 45 "Net-(GPIO2-Pad8)")
  (net 46 "Net-(GPIO2-Pad9)")
  (net 47 "Net-(GPIO2-Pad10)")
  (net 48 "Net-(JTAG1-Pad9)")
  (net 49 "Net-(JTAG1-Pad8)")
  (net 50 "Net-(JTAG1-Pad7)")
  (net 51 "Net-(JTAG1-Pad6)")
  (net 52 "Net-(JTAG1-Pad5)")
  (net 53 "Net-(JTAG1-Pad3)")
  (net 54 "Net-(JTAG1-Pad1)")
  (net 55 "Net-(OSC1-Pad3)")
  (net 56 "Net-(R1-Pad1)")
  (net 57 "Net-(R2-Pad1)")
  (net 58 "Net-(R3-Pad1)")
  (net 59 "Net-(R4-Pad1)")
  (net 60 "Net-(R5-Pad1)")
  (net 61 "Net-(R6-Pad1)")
  (net 62 "Net-(R7-Pad1)")
  (net 63 "Net-(R8-Pad1)")
  (net 64 "Net-(R9-Pad1)")
  (net 65 "Net-(R10-Pad1)")
  (net 66 "Net-(R11-Pad1)")
  (net 67 "Net-(R12-Pad1)")
  (net 68 "Net-(R13-Pad1)")
  (net 69 "Net-(R14-Pad1)")
  (net 70 "Net-(R15-Pad1)")
  (net 71 "Net-(R16-Pad1)")
  (net 72 "Net-(R22-Pad1)")
  (net 73 "Net-(R24-Pad2)")
  (net 74 "Net-(R25-Pad2)")
  (net 75 "Net-(R26-Pad2)")
  (net 76 /CHROMA_OUT)
  (net 77 /COMPOSITE_OUT)
  (net 78 /LUMA_OUT)
  (net 79 /LUMA_IN)
  (net 80 "Net-(REG1-Pad2)")
  (net 81 "Net-(REG2-Pad2)")
  (net 82 /CARRIER_SELECTOR)
  (net 83 /CHROMA_IN)
  (net 84 /AUDIO_IN)
  (net 85 "Net-(U2-Pad3)")
  (net 86 "Net-(U2-Pad4)")
  (net 87 "Net-(U2-Pad5)")
  (net 88 "Net-(U2-Pad6)")
  (net 89 "Net-(U2-Pad7)")
  (net 90 "Net-(U2-Pad8)")
  (net 91 "Net-(U2-Pad9)")
  (net 92 "Net-(U2-Pad10)")
  (net 93 "Net-(U2-Pad14)")
  (net 94 "Net-(U2-Pad19)")
  (net 95 "Net-(U2-Pad21)")
  (net 96 "Net-(U2-Pad23)")
  (net 97 "Net-(U2-Pad24)")
  (net 98 "Net-(U2-Pad26)")
  (net 99 "Net-(U2-Pad42)")
  (net 100 "Net-(U2-Pad44)")
  (net 101 "Net-(U2-Pad54)")
  (net 102 "Net-(U2-Pad55)")
  (net 103 "Net-(U2-Pad62)")
  (net 104 "Net-(U2-Pad68)")
  (net 105 "Net-(U2-Pad84)")
  (net 106 "Net-(U2-Pad85)")
  (net 107 "Net-(U2-Pad86)")
  (net 108 "Net-(U2-Pad89)")
  (net 109 "Net-(U2-Pad90)")
  (net 110 "Net-(U2-Pad94)")
  (net 111 "Net-(U2-Pad95)")
  (net 112 "Net-(U2-Pad112)")
  (net 113 "Net-(U2-Pad114)")
  (net 114 "Net-(U2-Pad116)")
  (net 115 "Net-(U2-Pad117)")
  (net 116 "Net-(U2-Pad123)")
  (net 117 "Net-(U2-Pad124)")
  (net 118 "Net-(U2-Pad125)")
  (net 119 "Net-(U2-Pad126)")
  (net 120 "Net-(U2-Pad127)")
  (net 121 "Net-(U2-Pad128)")
  (net 122 "Net-(U2-Pad129)")
  (net 123 "Net-(U2-Pad130)")
  (net 124 "Net-(U2-Pad134)")
  (net 125 "Net-(U2-Pad137)")
  (net 126 "Net-(U2-Pad138)")
  (net 127 "Net-(U2-Pad139)")
  (net 128 "Net-(U2-Pad140)")
  (net 129 "Net-(U2-Pad141)")
  (net 130 GNDA)
  (net 131 /PB)
  (net 132 /PR)
  (net 133 /Y)
  (net 134 /PR1)
  (net 135 /PB1)
  (net 136 /PY1)
  (net 137 "Net-(SW1-Pad4)")

  (net_class Default "Dies ist die voreingestellte Netzklasse."
    (clearance 0.2)
    (trace_width 0.25)
    (via_dia 0.6)
    (via_drill 0.4)
    (uvia_dia 0.3)
    (uvia_drill 0.1)
    (add_net /3V3A)
    (add_net /3V3B)
    (add_net /3V3C)
    (add_net /AUDIO_IN)
    (add_net /CARRIER_SELECTOR)
    (add_net /CHROMA_IN)
    (add_net /CHROMA_OUT)
    (add_net /COMPOSITE_OUT)
    (add_net /LUMA_IN)
    (add_net /LUMA_OUT)
    (add_net GND)
    (add_net GNDA)
    (add_net "Net-(AMP1-Pad1)")
    (add_net "Net-(AMP1-Pad2)")
    (add_net "Net-(AMP1-Pad3)")
    (add_net "Net-(AMP2-Pad1)")
    (add_net "Net-(AMP2-Pad2)")
    (add_net "Net-(AMP2-Pad3)")
    (add_net "Net-(AMP2-Pad6)")
    (add_net "Net-(AMP2-Pad7)")
    (add_net "Net-(AMP2-Pad8)")
    (add_net "Net-(C10-Pad2)")
    (add_net "Net-(C28-Pad1)")
    (add_net "Net-(C29-Pad1)")
    (add_net "Net-(GPIO1-Pad1)")
    (add_net "Net-(GPIO1-Pad10)")
    (add_net "Net-(GPIO1-Pad11)")
    (add_net "Net-(GPIO1-Pad12)")
    (add_net "Net-(GPIO1-Pad13)")
    (add_net "Net-(GPIO1-Pad14)")
    (add_net "Net-(GPIO1-Pad15)")
    (add_net "Net-(GPIO1-Pad16)")
    (add_net "Net-(GPIO1-Pad17)")
    (add_net "Net-(GPIO1-Pad18)")
    (add_net "Net-(GPIO1-Pad19)")
    (add_net "Net-(GPIO1-Pad2)")
    (add_net "Net-(GPIO1-Pad20)")
    (add_net "Net-(GPIO1-Pad3)")
    (add_net "Net-(GPIO1-Pad4)")
    (add_net "Net-(GPIO1-Pad5)")
    (add_net "Net-(GPIO1-Pad6)")
    (add_net "Net-(GPIO1-Pad7)")
    (add_net "Net-(GPIO1-Pad8)")
    (add_net "Net-(GPIO1-Pad9)")
    (add_net "Net-(GPIO2-Pad10)")
    (add_net "Net-(GPIO2-Pad3)")
    (add_net "Net-(GPIO2-Pad4)")
    (add_net "Net-(GPIO2-Pad5)")
    (add_net "Net-(GPIO2-Pad6)")
    (add_net "Net-(GPIO2-Pad7)")
    (add_net "Net-(GPIO2-Pad8)")
    (add_net "Net-(GPIO2-Pad9)")
    (add_net "Net-(JTAG1-Pad1)")
    (add_net "Net-(JTAG1-Pad3)")
    (add_net "Net-(JTAG1-Pad5)")
    (add_net "Net-(JTAG1-Pad6)")
    (add_net "Net-(JTAG1-Pad7)")
    (add_net "Net-(JTAG1-Pad8)")
    (add_net "Net-(JTAG1-Pad9)")
    (add_net "Net-(OSC1-Pad3)")
    (add_net "Net-(R1-Pad1)")
    (add_net "Net-(R10-Pad1)")
    (add_net "Net-(R11-Pad1)")
    (add_net "Net-(R12-Pad1)")
    (add_net "Net-(R13-Pad1)")
    (add_net "Net-(R14-Pad1)")
    (add_net "Net-(R15-Pad1)")
    (add_net "Net-(R16-Pad1)")
    (add_net "Net-(R2-Pad1)")
    (add_net "Net-(R22-Pad1)")
    (add_net "Net-(R24-Pad2)")
    (add_net "Net-(R25-Pad2)")
    (add_net "Net-(R26-Pad2)")
    (add_net "Net-(R3-Pad1)")
    (add_net "Net-(R4-Pad1)")
    (add_net "Net-(R5-Pad1)")
    (add_net "Net-(R6-Pad1)")
    (add_net "Net-(R7-Pad1)")
    (add_net "Net-(R8-Pad1)")
    (add_net "Net-(R9-Pad1)")
    (add_net "Net-(REG1-Pad2)")
    (add_net "Net-(REG2-Pad2)")
    (add_net "Net-(SW1-Pad4)")
    (add_net "Net-(U2-Pad10)")
    (add_net "Net-(U2-Pad112)")
    (add_net "Net-(U2-Pad114)")
    (add_net "Net-(U2-Pad116)")
    (add_net "Net-(U2-Pad117)")
    (add_net "Net-(U2-Pad123)")
    (add_net "Net-(U2-Pad124)")
    (add_net "Net-(U2-Pad125)")
    (add_net "Net-(U2-Pad126)")
    (add_net "Net-(U2-Pad127)")
    (add_net "Net-(U2-Pad128)")
    (add_net "Net-(U2-Pad129)")
    (add_net "Net-(U2-Pad130)")
    (add_net "Net-(U2-Pad134)")
    (add_net "Net-(U2-Pad137)")
    (add_net "Net-(U2-Pad138)")
    (add_net "Net-(U2-Pad139)")
    (add_net "Net-(U2-Pad14)")
    (add_net "Net-(U2-Pad140)")
    (add_net "Net-(U2-Pad141)")
    (add_net "Net-(U2-Pad19)")
    (add_net "Net-(U2-Pad21)")
    (add_net "Net-(U2-Pad23)")
    (add_net "Net-(U2-Pad24)")
    (add_net "Net-(U2-Pad26)")
    (add_net "Net-(U2-Pad3)")
    (add_net "Net-(U2-Pad4)")
    (add_net "Net-(U2-Pad42)")
    (add_net "Net-(U2-Pad44)")
    (add_net "Net-(U2-Pad5)")
    (add_net "Net-(U2-Pad54)")
    (add_net "Net-(U2-Pad55)")
    (add_net "Net-(U2-Pad6)")
    (add_net "Net-(U2-Pad62)")
    (add_net "Net-(U2-Pad68)")
    (add_net "Net-(U2-Pad7)")
    (add_net "Net-(U2-Pad8)")
    (add_net "Net-(U2-Pad84)")
    (add_net "Net-(U2-Pad85)")
    (add_net "Net-(U2-Pad86)")
    (add_net "Net-(U2-Pad89)")
    (add_net "Net-(U2-Pad9)")
    (add_net "Net-(U2-Pad90)")
    (add_net "Net-(U2-Pad94)")
    (add_net "Net-(U2-Pad95)")
  )

  (net_class power ""
    (clearance 0.2)
    (trace_width 0.5)
    (via_dia 1.2)
    (via_drill 0.8)
    (uvia_dia 0.3)
    (uvia_drill 0.1)
    (add_net +12V)
    (add_net /3V3D)
    (add_net /3V3X)
    (add_net /PB)
    (add_net /PB1)
    (add_net /PR)
    (add_net /PR1)
    (add_net /PY1)
    (add_net /Y)
  )

  (module footprints:slider (layer F.Cu) (tedit 5C0DACE9) (tstamp 5C0DAE31)
    (at 160.02 57.15 90)
    (path /5C1242F4)
    (fp_text reference SW1 (at -0.5 -1 90) (layer F.SilkS)
      (effects (font (size 1 1) (thickness 0.15)))
    )
    (fp_text value SW_SP3T (at -0.5 -2.54 90) (layer F.Fab)
      (effects (font (size 1 1) (thickness 0.15)))
    )
    (fp_line (start -7.5 0.5) (end 7.5 0.5) (layer F.SilkS) (width 0.15))
    (fp_line (start 7.5 4.5) (end -7.5 4.5) (layer F.SilkS) (width 0.15))
    (fp_line (start -0.5 4.5) (end -0.5 6) (layer F.SilkS) (width 0.15))
    (fp_line (start -0.5 6) (end 0.5 6) (layer F.SilkS) (width 0.15))
    (fp_line (start 0.5 6) (end 0.5 4.5) (layer F.SilkS) (width 0.15))
    (fp_line (start -7.5 0.5) (end -7.9 0.5) (layer F.SilkS) (width 0.15))
    (fp_line (start -7.9 0.5) (end -7.9 4.5) (layer F.SilkS) (width 0.15))
    (fp_line (start -7.9 4.5) (end -7.5 4.5) (layer F.SilkS) (width 0.15))
    (fp_line (start 7.5 0.5) (end 7.9 0.5) (layer F.SilkS) (width 0.15))
    (fp_line (start 7.9 0.5) (end 7.9 4.5) (layer F.SilkS) (width 0.15))
    (fp_line (start 7.9 4.5) (end 7.4 4.5) (layer F.SilkS) (width 0.15))
    (fp_line (start 7.4 4.5) (end 7.5 4.5) (layer F.SilkS) (width 0.15))
    (pad 1 thru_hole circle (at -5.08 2.54 90) (size 1.524 1.524) (drill 0.8) (layers *.Cu *.Mask)
      (net 43 "Net-(GPIO2-Pad6)"))
    (pad 2 thru_hole circle (at -2.54 2.54 90) (size 1.524 1.524) (drill 0.8) (layers *.Cu *.Mask)
      (net 41 "Net-(GPIO2-Pad4)"))
    (pad 4 thru_hole circle (at 0 2.54 90) (size 1.524 1.524) (drill 0.8) (layers *.Cu *.Mask)
      (net 137 "Net-(SW1-Pad4)"))
    (pad 3 thru_hole circle (at 5.08 2.54 90) (size 1.524 1.524) (drill 0.8) (layers *.Cu *.Mask)
      (net 1 GND))
  )

  (module Package_SO:SSOP-8_3.95x5.21x3.27mm_P1.27mm (layer F.Cu) (tedit 5C0D9166) (tstamp 5C25D0D1)
    (at 152.4 106.68)
    (descr "SSOP-8 3.95x5.21x3.27mm Pitch 1.27mm")
    (tags "SSOP-8 3.95x5.21x3.27mm 1.27mm")
    (path /59EC57F9)
    (attr smd)
    (fp_text reference AMP1 (at 0 -3.55) (layer F.SilkS)
      (effects (font (size 1 1) (thickness 0.15)))
    )
    (fp_text value THS7316 (at 0 3.75) (layer F.Fab)
      (effects (font (size 1 1) (thickness 0.15)))
    )
    (fp_text user %R (at 0 0) (layer F.Fab)
      (effects (font (size 0.6 0.6) (thickness 0.15)))
    )
    (fp_line (start 1.975 -2.605) (end 1.975 2.605) (layer F.Fab) (width 0.1))
    (fp_line (start 1.975 2.605) (end -1.975 2.605) (layer F.Fab) (width 0.1))
    (fp_line (start -1.975 2.605) (end -1.975 -1.605) (layer F.Fab) (width 0.1))
    (fp_line (start -0.975 -2.605) (end 1.975 -2.605) (layer F.Fab) (width 0.1))
    (fp_line (start -0.975 -2.605) (end -1.975 -1.605) (layer F.Fab) (width 0.1))
    (fp_line (start 2.1 -2.73) (end -2.1 -2.73) (layer F.SilkS) (width 0.12))
    (fp_line (start 2.1 2.73) (end -2.1 2.73) (layer F.SilkS) (width 0.12))
    (fp_line (start 2.23 2.86) (end -2.23 2.86) (layer F.CrtYd) (width 0.05))
    (fp_line (start -2.23 -2.56) (end -2.23 -2.86) (layer F.CrtYd) (width 0.05))
    (fp_line (start -2.23 -2.86) (end 2.23 -2.86) (layer F.CrtYd) (width 0.05))
    (fp_line (start -3.6 2.56) (end -3.6 -2.56) (layer F.CrtYd) (width 0.05))
    (fp_line (start 3.6 2.56) (end 3.6 -2.56) (layer F.CrtYd) (width 0.05))
    (fp_line (start -3.6 -2.56) (end -2.23 -2.56) (layer F.CrtYd) (width 0.05))
    (fp_line (start 2.23 -2.56) (end 3.6 -2.56) (layer F.CrtYd) (width 0.05))
    (fp_line (start 2.23 2.56) (end 3.6 2.56) (layer F.CrtYd) (width 0.05))
    (fp_line (start -3.6 2.56) (end -2.23 2.56) (layer F.CrtYd) (width 0.05))
    (fp_line (start -2.23 2.86) (end -2.23 2.56) (layer F.CrtYd) (width 0.05))
    (fp_line (start 2.23 2.86) (end 2.23 2.56) (layer F.CrtYd) (width 0.05))
    (fp_line (start 2.23 -2.55) (end 2.23 -2.85) (layer F.CrtYd) (width 0.05))
    (fp_line (start 2.1 2.56) (end 2.1 2.73) (layer F.SilkS) (width 0.12))
    (fp_line (start -2.1 2.57) (end -2.1 2.74) (layer F.SilkS) (width 0.12))
    (fp_line (start 2.1 -2.73) (end 2.1 -2.56) (layer F.SilkS) (width 0.12))
    (fp_line (start -2.1 -2.73) (end -2.1 -2.56) (layer F.SilkS) (width 0.12))
    (fp_line (start -2.1 -2.56) (end -3.29 -2.56) (layer F.SilkS) (width 0.12))
    (pad 5 smd rect (at 2.625 1.905) (size 1.45 0.8) (layers F.Cu F.Paste F.Mask)
      (net 1 GND))
    (pad 6 smd rect (at 2.625 0.635) (size 1.45 0.8) (layers F.Cu F.Paste F.Mask)
      (net 134 /PR1))
    (pad 7 smd rect (at 2.625 -0.635) (size 1.45 0.8) (layers F.Cu F.Paste F.Mask)
      (net 135 /PB1))
    (pad 8 smd rect (at 2.625 -1.905) (size 1.45 0.8) (layers F.Cu F.Paste F.Mask)
      (net 136 /PY1))
    (pad 4 smd rect (at -2.625 1.905) (size 1.45 0.8) (layers F.Cu F.Paste F.Mask)
      (net 2 /3V3D))
    (pad 3 smd rect (at -2.625 0.635) (size 1.45 0.8) (layers F.Cu F.Paste F.Mask)
      (net 3 "Net-(AMP1-Pad3)"))
    (pad 2 smd rect (at -2.625 -0.635) (size 1.45 0.8) (layers F.Cu F.Paste F.Mask)
      (net 4 "Net-(AMP1-Pad2)"))
    (pad 1 smd rect (at -2.625 -1.905) (size 1.45 0.8) (layers F.Cu F.Paste F.Mask)
      (net 5 "Net-(AMP1-Pad1)"))
    (model ${KISYS3DMOD}/Package_SO.3dshapes/SSOP-8_3.95x5.21x3.27mm_P1.27mm.wrl
      (at (xyz 0 0 0))
      (scale (xyz 1 1 1))
      (rotate (xyz 0 0 0))
    )
  )

  (module Package_SO:SSOP-8_3.95x5.21x3.27mm_P1.27mm (layer F.Cu) (tedit 5A8B0651) (tstamp 5C259FBD)
    (at 113.03 78.74 90)
    (descr "SSOP-8 3.95x5.21x3.27mm Pitch 1.27mm")
    (tags "SSOP-8 3.95x5.21x3.27mm 1.27mm")
    (path /5CA1C516)
    (attr smd)
    (fp_text reference AMP2 (at 0 -3.55 90) (layer F.SilkS)
      (effects (font (size 1 1) (thickness 0.15)))
    )
    (fp_text value THS7316 (at 0 3.75 90) (layer F.Fab)
      (effects (font (size 1 1) (thickness 0.15)))
    )
    (fp_line (start -2.1 -2.56) (end -3.29 -2.56) (layer F.SilkS) (width 0.12))
    (fp_line (start -2.1 -2.73) (end -2.1 -2.56) (layer F.SilkS) (width 0.12))
    (fp_line (start 2.1 -2.73) (end 2.1 -2.56) (layer F.SilkS) (width 0.12))
    (fp_line (start -2.1 2.57) (end -2.1 2.74) (layer F.SilkS) (width 0.12))
    (fp_line (start 2.1 2.56) (end 2.1 2.73) (layer F.SilkS) (width 0.12))
    (fp_line (start 2.23 -2.55) (end 2.23 -2.85) (layer F.CrtYd) (width 0.05))
    (fp_line (start 2.23 2.86) (end 2.23 2.56) (layer F.CrtYd) (width 0.05))
    (fp_line (start -2.23 2.86) (end -2.23 2.56) (layer F.CrtYd) (width 0.05))
    (fp_line (start -3.6 2.56) (end -2.23 2.56) (layer F.CrtYd) (width 0.05))
    (fp_line (start 2.23 2.56) (end 3.6 2.56) (layer F.CrtYd) (width 0.05))
    (fp_line (start 2.23 -2.56) (end 3.6 -2.56) (layer F.CrtYd) (width 0.05))
    (fp_line (start -3.6 -2.56) (end -2.23 -2.56) (layer F.CrtYd) (width 0.05))
    (fp_line (start 3.6 2.56) (end 3.6 -2.56) (layer F.CrtYd) (width 0.05))
    (fp_line (start -3.6 2.56) (end -3.6 -2.56) (layer F.CrtYd) (width 0.05))
    (fp_line (start -2.23 -2.86) (end 2.23 -2.86) (layer F.CrtYd) (width 0.05))
    (fp_line (start -2.23 -2.56) (end -2.23 -2.86) (layer F.CrtYd) (width 0.05))
    (fp_line (start 2.23 2.86) (end -2.23 2.86) (layer F.CrtYd) (width 0.05))
    (fp_line (start 2.1 2.73) (end -2.1 2.73) (layer F.SilkS) (width 0.12))
    (fp_line (start 2.1 -2.73) (end -2.1 -2.73) (layer F.SilkS) (width 0.12))
    (fp_line (start -0.975 -2.605) (end -1.975 -1.605) (layer F.Fab) (width 0.1))
    (fp_line (start -0.975 -2.605) (end 1.975 -2.605) (layer F.Fab) (width 0.1))
    (fp_line (start -1.975 2.605) (end -1.975 -1.605) (layer F.Fab) (width 0.1))
    (fp_line (start 1.975 2.605) (end -1.975 2.605) (layer F.Fab) (width 0.1))
    (fp_line (start 1.975 -2.605) (end 1.975 2.605) (layer F.Fab) (width 0.1))
    (fp_text user %R (at 0 0 90) (layer F.Fab)
      (effects (font (size 0.6 0.6) (thickness 0.15)))
    )
    (pad 1 smd rect (at -2.625 -1.905 90) (size 1.45 0.8) (layers F.Cu F.Paste F.Mask)
      (net 6 "Net-(AMP2-Pad1)"))
    (pad 2 smd rect (at -2.625 -0.635 90) (size 1.45 0.8) (layers F.Cu F.Paste F.Mask)
      (net 7 "Net-(AMP2-Pad2)"))
    (pad 3 smd rect (at -2.625 0.635 90) (size 1.45 0.8) (layers F.Cu F.Paste F.Mask)
      (net 8 "Net-(AMP2-Pad3)"))
    (pad 4 smd rect (at -2.625 1.905 90) (size 1.45 0.8) (layers F.Cu F.Paste F.Mask)
      (net 9 /3V3X))
    (pad 8 smd rect (at 2.625 -1.905 90) (size 1.45 0.8) (layers F.Cu F.Paste F.Mask)
      (net 10 "Net-(AMP2-Pad8)"))
    (pad 7 smd rect (at 2.625 -0.635 90) (size 1.45 0.8) (layers F.Cu F.Paste F.Mask)
      (net 11 "Net-(AMP2-Pad7)"))
    (pad 6 smd rect (at 2.625 0.635 90) (size 1.45 0.8) (layers F.Cu F.Paste F.Mask)
      (net 12 "Net-(AMP2-Pad6)"))
    (pad 5 smd rect (at 2.625 1.905 90) (size 1.45 0.8) (layers F.Cu F.Paste F.Mask)
      (net 130 GNDA))
    (model ${KISYS3DMOD}/Package_SO.3dshapes/SSOP-8_3.95x5.21x3.27mm_P1.27mm.wrl
      (at (xyz 0 0 0))
      (scale (xyz 1 1 1))
      (rotate (xyz 0 0 0))
    )
  )

  (module Capacitor_SMD:C_0805_2012Metric_Pad1.15x1.40mm_HandSolder (layer F.Cu) (tedit 5B36C52B) (tstamp 5C259EDD)
    (at 116.84 107.705 90)
    (descr "Capacitor SMD 0805 (2012 Metric), square (rectangular) end terminal, IPC_7351 nominal with elongated pad for handsoldering. (Body size source: https://docs.google.com/spreadsheets/d/1BsfQQcO9C6DZCsRaXUlFlo91Tg2WpOkGARC1WS5S8t0/edit?usp=sharing), generated with kicad-footprint-generator")
    (tags "capacitor handsolder")
    (path /59EAD4BF)
    (attr smd)
    (fp_text reference C1 (at 0 -1.65 90) (layer F.SilkS)
      (effects (font (size 1 1) (thickness 0.15)))
    )
    (fp_text value 10uF (at 0 1.65 90) (layer F.Fab)
      (effects (font (size 1 1) (thickness 0.15)))
    )
    (fp_line (start -1 0.6) (end -1 -0.6) (layer F.Fab) (width 0.1))
    (fp_line (start -1 -0.6) (end 1 -0.6) (layer F.Fab) (width 0.1))
    (fp_line (start 1 -0.6) (end 1 0.6) (layer F.Fab) (width 0.1))
    (fp_line (start 1 0.6) (end -1 0.6) (layer F.Fab) (width 0.1))
    (fp_line (start -0.261252 -0.71) (end 0.261252 -0.71) (layer F.SilkS) (width 0.12))
    (fp_line (start -0.261252 0.71) (end 0.261252 0.71) (layer F.SilkS) (width 0.12))
    (fp_line (start -1.85 0.95) (end -1.85 -0.95) (layer F.CrtYd) (width 0.05))
    (fp_line (start -1.85 -0.95) (end 1.85 -0.95) (layer F.CrtYd) (width 0.05))
    (fp_line (start 1.85 -0.95) (end 1.85 0.95) (layer F.CrtYd) (width 0.05))
    (fp_line (start 1.85 0.95) (end -1.85 0.95) (layer F.CrtYd) (width 0.05))
    (fp_text user %R (at 0 0 90) (layer F.Fab)
      (effects (font (size 0.5 0.5) (thickness 0.08)))
    )
    (pad 1 smd roundrect (at -1.025 0 90) (size 1.15 1.4) (layers F.Cu F.Paste F.Mask) (roundrect_rratio 0.217391)
      (net 130 GNDA))
    (pad 2 smd roundrect (at 1.025 0 90) (size 1.15 1.4) (layers F.Cu F.Paste F.Mask) (roundrect_rratio 0.217391)
      (net 13 +12V))
    (model ${KISYS3DMOD}/Capacitor_SMD.3dshapes/C_0805_2012Metric.wrl
      (at (xyz 0 0 0))
      (scale (xyz 1 1 1))
      (rotate (xyz 0 0 0))
    )
  )

  (module Capacitor_SMD:C_0805_2012Metric_Pad1.15x1.40mm_HandSolder (layer F.Cu) (tedit 5B36C52B) (tstamp 5C25A075)
    (at 125.4506 92.71 270)
    (descr "Capacitor SMD 0805 (2012 Metric), square (rectangular) end terminal, IPC_7351 nominal with elongated pad for handsoldering. (Body size source: https://docs.google.com/spreadsheets/d/1BsfQQcO9C6DZCsRaXUlFlo91Tg2WpOkGARC1WS5S8t0/edit?usp=sharing), generated with kicad-footprint-generator")
    (tags "capacitor handsolder")
    (path /59EB5C48)
    (attr smd)
    (fp_text reference C3 (at 0 -1.65 270) (layer F.SilkS)
      (effects (font (size 1 1) (thickness 0.15)))
    )
    (fp_text value 10uF (at 0 1.65 270) (layer F.Fab)
      (effects (font (size 1 1) (thickness 0.15)))
    )
    (fp_line (start -1 0.6) (end -1 -0.6) (layer F.Fab) (width 0.1))
    (fp_line (start -1 -0.6) (end 1 -0.6) (layer F.Fab) (width 0.1))
    (fp_line (start 1 -0.6) (end 1 0.6) (layer F.Fab) (width 0.1))
    (fp_line (start 1 0.6) (end -1 0.6) (layer F.Fab) (width 0.1))
    (fp_line (start -0.261252 -0.71) (end 0.261252 -0.71) (layer F.SilkS) (width 0.12))
    (fp_line (start -0.261252 0.71) (end 0.261252 0.71) (layer F.SilkS) (width 0.12))
    (fp_line (start -1.85 0.95) (end -1.85 -0.95) (layer F.CrtYd) (width 0.05))
    (fp_line (start -1.85 -0.95) (end 1.85 -0.95) (layer F.CrtYd) (width 0.05))
    (fp_line (start 1.85 -0.95) (end 1.85 0.95) (layer F.CrtYd) (width 0.05))
    (fp_line (start 1.85 0.95) (end -1.85 0.95) (layer F.CrtYd) (width 0.05))
    (fp_text user %R (at 0 0 270) (layer F.Fab)
      (effects (font (size 0.5 0.5) (thickness 0.08)))
    )
    (pad 1 smd roundrect (at -1.025 0 270) (size 1.15 1.4) (layers F.Cu F.Paste F.Mask) (roundrect_rratio 0.217391)
      (net 15 /3V3C))
    (pad 2 smd roundrect (at 1.025 0 270) (size 1.15 1.4) (layers F.Cu F.Paste F.Mask) (roundrect_rratio 0.217391)
      (net 1 GND))
    (model ${KISYS3DMOD}/Capacitor_SMD.3dshapes/C_0805_2012Metric.wrl
      (at (xyz 0 0 0))
      (scale (xyz 1 1 1))
      (rotate (xyz 0 0 0))
    )
  )

  (module Capacitor_SMD:C_0805_2012Metric_Pad1.15x1.40mm_HandSolder (layer F.Cu) (tedit 5B36C52B) (tstamp 5C259E7D)
    (at 123.19 87.63 270)
    (descr "Capacitor SMD 0805 (2012 Metric), square (rectangular) end terminal, IPC_7351 nominal with elongated pad for handsoldering. (Body size source: https://docs.google.com/spreadsheets/d/1BsfQQcO9C6DZCsRaXUlFlo91Tg2WpOkGARC1WS5S8t0/edit?usp=sharing), generated with kicad-footprint-generator")
    (tags "capacitor handsolder")
    (path /59EB5CAC)
    (attr smd)
    (fp_text reference C4 (at 0 -1.65 270) (layer F.SilkS)
      (effects (font (size 1 1) (thickness 0.15)))
    )
    (fp_text value 10uF (at 0 1.65 270) (layer F.Fab)
      (effects (font (size 1 1) (thickness 0.15)))
    )
    (fp_text user %R (at 0 0 270) (layer F.Fab)
      (effects (font (size 0.5 0.5) (thickness 0.08)))
    )
    (fp_line (start 1.85 0.95) (end -1.85 0.95) (layer F.CrtYd) (width 0.05))
    (fp_line (start 1.85 -0.95) (end 1.85 0.95) (layer F.CrtYd) (width 0.05))
    (fp_line (start -1.85 -0.95) (end 1.85 -0.95) (layer F.CrtYd) (width 0.05))
    (fp_line (start -1.85 0.95) (end -1.85 -0.95) (layer F.CrtYd) (width 0.05))
    (fp_line (start -0.261252 0.71) (end 0.261252 0.71) (layer F.SilkS) (width 0.12))
    (fp_line (start -0.261252 -0.71) (end 0.261252 -0.71) (layer F.SilkS) (width 0.12))
    (fp_line (start 1 0.6) (end -1 0.6) (layer F.Fab) (width 0.1))
    (fp_line (start 1 -0.6) (end 1 0.6) (layer F.Fab) (width 0.1))
    (fp_line (start -1 -0.6) (end 1 -0.6) (layer F.Fab) (width 0.1))
    (fp_line (start -1 0.6) (end -1 -0.6) (layer F.Fab) (width 0.1))
    (pad 2 smd roundrect (at 1.025 0 270) (size 1.15 1.4) (layers F.Cu F.Paste F.Mask) (roundrect_rratio 0.217391)
      (net 1 GND))
    (pad 1 smd roundrect (at -1.025 0 270) (size 1.15 1.4) (layers F.Cu F.Paste F.Mask) (roundrect_rratio 0.217391)
      (net 16 /3V3B))
    (model ${KISYS3DMOD}/Capacitor_SMD.3dshapes/C_0805_2012Metric.wrl
      (at (xyz 0 0 0))
      (scale (xyz 1 1 1))
      (rotate (xyz 0 0 0))
    )
  )

  (module Capacitor_SMD:C_0805_2012Metric_Pad1.15x1.40mm_HandSolder (layer F.Cu) (tedit 5B36C52B) (tstamp 5C266FED)
    (at 144.78 110.49 180)
    (descr "Capacitor SMD 0805 (2012 Metric), square (rectangular) end terminal, IPC_7351 nominal with elongated pad for handsoldering. (Body size source: https://docs.google.com/spreadsheets/d/1BsfQQcO9C6DZCsRaXUlFlo91Tg2WpOkGARC1WS5S8t0/edit?usp=sharing), generated with kicad-footprint-generator")
    (tags "capacitor handsolder")
    (path /5A23AEFE)
    (attr smd)
    (fp_text reference C5 (at 0 -1.65 180) (layer F.SilkS)
      (effects (font (size 1 1) (thickness 0.15)))
    )
    (fp_text value 10uF (at 0 1.65 180) (layer F.Fab)
      (effects (font (size 1 1) (thickness 0.15)))
    )
    (fp_text user %R (at 0 0 180) (layer F.Fab)
      (effects (font (size 0.5 0.5) (thickness 0.08)))
    )
    (fp_line (start 1.85 0.95) (end -1.85 0.95) (layer F.CrtYd) (width 0.05))
    (fp_line (start 1.85 -0.95) (end 1.85 0.95) (layer F.CrtYd) (width 0.05))
    (fp_line (start -1.85 -0.95) (end 1.85 -0.95) (layer F.CrtYd) (width 0.05))
    (fp_line (start -1.85 0.95) (end -1.85 -0.95) (layer F.CrtYd) (width 0.05))
    (fp_line (start -0.261252 0.71) (end 0.261252 0.71) (layer F.SilkS) (width 0.12))
    (fp_line (start -0.261252 -0.71) (end 0.261252 -0.71) (layer F.SilkS) (width 0.12))
    (fp_line (start 1 0.6) (end -1 0.6) (layer F.Fab) (width 0.1))
    (fp_line (start 1 -0.6) (end 1 0.6) (layer F.Fab) (width 0.1))
    (fp_line (start -1 -0.6) (end 1 -0.6) (layer F.Fab) (width 0.1))
    (fp_line (start -1 0.6) (end -1 -0.6) (layer F.Fab) (width 0.1))
    (pad 2 smd roundrect (at 1.025 0 180) (size 1.15 1.4) (layers F.Cu F.Paste F.Mask) (roundrect_rratio 0.217391)
      (net 1 GND))
    (pad 1 smd roundrect (at -1.025 0 180) (size 1.15 1.4) (layers F.Cu F.Paste F.Mask) (roundrect_rratio 0.217391)
      (net 2 /3V3D))
    (model ${KISYS3DMOD}/Capacitor_SMD.3dshapes/C_0805_2012Metric.wrl
      (at (xyz 0 0 0))
      (scale (xyz 1 1 1))
      (rotate (xyz 0 0 0))
    )
  )

  (module Capacitor_SMD:C_0603_1608Metric_Pad1.05x0.95mm_HandSolder (layer F.Cu) (tedit 5B301BBE) (tstamp 5C259E4D)
    (at 129.54 88.9)
    (descr "Capacitor SMD 0603 (1608 Metric), square (rectangular) end terminal, IPC_7351 nominal with elongated pad for handsoldering. (Body size source: http://www.tortai-tech.com/upload/download/2011102023233369053.pdf), generated with kicad-footprint-generator")
    (tags "capacitor handsolder")
    (path /58B89409)
    (attr smd)
    (fp_text reference C6 (at 0 -1.43) (layer F.SilkS)
      (effects (font (size 1 1) (thickness 0.15)))
    )
    (fp_text value 100nF (at 0 1.43) (layer F.Fab)
      (effects (font (size 1 1) (thickness 0.15)))
    )
    (fp_text user %R (at 0 0) (layer F.Fab)
      (effects (font (size 0.4 0.4) (thickness 0.06)))
    )
    (fp_line (start 1.65 0.73) (end -1.65 0.73) (layer F.CrtYd) (width 0.05))
    (fp_line (start 1.65 -0.73) (end 1.65 0.73) (layer F.CrtYd) (width 0.05))
    (fp_line (start -1.65 -0.73) (end 1.65 -0.73) (layer F.CrtYd) (width 0.05))
    (fp_line (start -1.65 0.73) (end -1.65 -0.73) (layer F.CrtYd) (width 0.05))
    (fp_line (start -0.171267 0.51) (end 0.171267 0.51) (layer F.SilkS) (width 0.12))
    (fp_line (start -0.171267 -0.51) (end 0.171267 -0.51) (layer F.SilkS) (width 0.12))
    (fp_line (start 0.8 0.4) (end -0.8 0.4) (layer F.Fab) (width 0.1))
    (fp_line (start 0.8 -0.4) (end 0.8 0.4) (layer F.Fab) (width 0.1))
    (fp_line (start -0.8 -0.4) (end 0.8 -0.4) (layer F.Fab) (width 0.1))
    (fp_line (start -0.8 0.4) (end -0.8 -0.4) (layer F.Fab) (width 0.1))
    (pad 2 smd roundrect (at 0.875 0) (size 1.05 0.95) (layers F.Cu F.Paste F.Mask) (roundrect_rratio 0.25)
      (net 1 GND))
    (pad 1 smd roundrect (at -0.875 0) (size 1.05 0.95) (layers F.Cu F.Paste F.Mask) (roundrect_rratio 0.25)
      (net 14 /3V3A))
    (model ${KISYS3DMOD}/Capacitor_SMD.3dshapes/C_0603_1608Metric.wrl
      (at (xyz 0 0 0))
      (scale (xyz 1 1 1))
      (rotate (xyz 0 0 0))
    )
  )

  (module Capacitor_SMD:C_0603_1608Metric_Pad1.05x0.95mm_HandSolder (layer F.Cu) (tedit 5B301BBE) (tstamp 5C25A045)
    (at 150.735 110.49 180)
    (descr "Capacitor SMD 0603 (1608 Metric), square (rectangular) end terminal, IPC_7351 nominal with elongated pad for handsoldering. (Body size source: http://www.tortai-tech.com/upload/download/2011102023233369053.pdf), generated with kicad-footprint-generator")
    (tags "capacitor handsolder")
    (path /59ECBBC0)
    (attr smd)
    (fp_text reference C7 (at 0 -1.43 180) (layer F.SilkS)
      (effects (font (size 1 1) (thickness 0.15)))
    )
    (fp_text value 100nF (at 0 1.43 180) (layer F.Fab)
      (effects (font (size 1 1) (thickness 0.15)))
    )
    (fp_line (start -0.8 0.4) (end -0.8 -0.4) (layer F.Fab) (width 0.1))
    (fp_line (start -0.8 -0.4) (end 0.8 -0.4) (layer F.Fab) (width 0.1))
    (fp_line (start 0.8 -0.4) (end 0.8 0.4) (layer F.Fab) (width 0.1))
    (fp_line (start 0.8 0.4) (end -0.8 0.4) (layer F.Fab) (width 0.1))
    (fp_line (start -0.171267 -0.51) (end 0.171267 -0.51) (layer F.SilkS) (width 0.12))
    (fp_line (start -0.171267 0.51) (end 0.171267 0.51) (layer F.SilkS) (width 0.12))
    (fp_line (start -1.65 0.73) (end -1.65 -0.73) (layer F.CrtYd) (width 0.05))
    (fp_line (start -1.65 -0.73) (end 1.65 -0.73) (layer F.CrtYd) (width 0.05))
    (fp_line (start 1.65 -0.73) (end 1.65 0.73) (layer F.CrtYd) (width 0.05))
    (fp_line (start 1.65 0.73) (end -1.65 0.73) (layer F.CrtYd) (width 0.05))
    (fp_text user %R (at 0 0 180) (layer F.Fab)
      (effects (font (size 0.4 0.4) (thickness 0.06)))
    )
    (pad 1 smd roundrect (at -0.875 0 180) (size 1.05 0.95) (layers F.Cu F.Paste F.Mask) (roundrect_rratio 0.25)
      (net 1 GND))
    (pad 2 smd roundrect (at 0.875 0 180) (size 1.05 0.95) (layers F.Cu F.Paste F.Mask) (roundrect_rratio 0.25)
      (net 2 /3V3D))
    (model ${KISYS3DMOD}/Capacitor_SMD.3dshapes/C_0603_1608Metric.wrl
      (at (xyz 0 0 0))
      (scale (xyz 1 1 1))
      (rotate (xyz 0 0 0))
    )
  )

  (module Capacitor_Tantalum_SMD:CP_EIA-7343-15_Kemet-W_Pad2.25x2.55mm_HandSolder (layer F.Cu) (tedit 5B301BBE) (tstamp 5C25C9C8)
    (at 127 99.06)
    (descr "Tantalum Capacitor SMD Kemet-W (7343-15 Metric), IPC_7351 nominal, (Body size from: http://www.kemet.com/Lists/ProductCatalog/Attachments/253/KEM_TC101_STD.pdf), generated with kicad-footprint-generator")
    (tags "capacitor tantalum")
    (path /5C23251A)
    (attr smd)
    (fp_text reference C8 (at 0 -3.1) (layer F.SilkS)
      (effects (font (size 1 1) (thickness 0.15)))
    )
    (fp_text value 100uF (at 0 3.1) (layer F.Fab)
      (effects (font (size 1 1) (thickness 0.15)))
    )
    (fp_line (start 3.65 -2.15) (end -2.65 -2.15) (layer F.Fab) (width 0.1))
    (fp_line (start -2.65 -2.15) (end -3.65 -1.15) (layer F.Fab) (width 0.1))
    (fp_line (start -3.65 -1.15) (end -3.65 2.15) (layer F.Fab) (width 0.1))
    (fp_line (start -3.65 2.15) (end 3.65 2.15) (layer F.Fab) (width 0.1))
    (fp_line (start 3.65 2.15) (end 3.65 -2.15) (layer F.Fab) (width 0.1))
    (fp_line (start 3.65 -2.26) (end -4.585 -2.26) (layer F.SilkS) (width 0.12))
    (fp_line (start -4.585 -2.26) (end -4.585 2.26) (layer F.SilkS) (width 0.12))
    (fp_line (start -4.585 2.26) (end 3.65 2.26) (layer F.SilkS) (width 0.12))
    (fp_line (start -4.58 2.4) (end -4.58 -2.4) (layer F.CrtYd) (width 0.05))
    (fp_line (start -4.58 -2.4) (end 4.58 -2.4) (layer F.CrtYd) (width 0.05))
    (fp_line (start 4.58 -2.4) (end 4.58 2.4) (layer F.CrtYd) (width 0.05))
    (fp_line (start 4.58 2.4) (end -4.58 2.4) (layer F.CrtYd) (width 0.05))
    (fp_text user %R (at 0 0) (layer F.Fab)
      (effects (font (size 1 1) (thickness 0.15)))
    )
    (pad 1 smd roundrect (at -3.2 0) (size 2.25 2.55) (layers F.Cu F.Paste F.Mask) (roundrect_rratio 0.111111)
      (net 14 /3V3A))
    (pad 2 smd roundrect (at 3.2 0) (size 2.25 2.55) (layers F.Cu F.Paste F.Mask) (roundrect_rratio 0.111111)
      (net 1 GND))
    (model ${KISYS3DMOD}/Capacitor_Tantalum_SMD.3dshapes/CP_EIA-7343-15_Kemet-W.wrl
      (at (xyz 0 0 0))
      (scale (xyz 1 1 1))
      (rotate (xyz 0 0 0))
    )
  )

  (module Capacitor_SMD:C_0805_2012Metric_Pad1.15x1.40mm_HandSolder (layer F.Cu) (tedit 5B36C52B) (tstamp 5C259D2D)
    (at 116.84 78.74 90)
    (descr "Capacitor SMD 0805 (2012 Metric), square (rectangular) end terminal, IPC_7351 nominal with elongated pad for handsoldering. (Body size source: https://docs.google.com/spreadsheets/d/1BsfQQcO9C6DZCsRaXUlFlo91Tg2WpOkGARC1WS5S8t0/edit?usp=sharing), generated with kicad-footprint-generator")
    (tags "capacitor handsolder")
    (path /5C96DDD2)
    (attr smd)
    (fp_text reference C9 (at 0 -1.65 90) (layer F.SilkS)
      (effects (font (size 1 1) (thickness 0.15)))
    )
    (fp_text value 10uF (at 0 1.65 90) (layer F.Fab)
      (effects (font (size 1 1) (thickness 0.15)))
    )
    (fp_line (start -1 0.6) (end -1 -0.6) (layer F.Fab) (width 0.1))
    (fp_line (start -1 -0.6) (end 1 -0.6) (layer F.Fab) (width 0.1))
    (fp_line (start 1 -0.6) (end 1 0.6) (layer F.Fab) (width 0.1))
    (fp_line (start 1 0.6) (end -1 0.6) (layer F.Fab) (width 0.1))
    (fp_line (start -0.261252 -0.71) (end 0.261252 -0.71) (layer F.SilkS) (width 0.12))
    (fp_line (start -0.261252 0.71) (end 0.261252 0.71) (layer F.SilkS) (width 0.12))
    (fp_line (start -1.85 0.95) (end -1.85 -0.95) (layer F.CrtYd) (width 0.05))
    (fp_line (start -1.85 -0.95) (end 1.85 -0.95) (layer F.CrtYd) (width 0.05))
    (fp_line (start 1.85 -0.95) (end 1.85 0.95) (layer F.CrtYd) (width 0.05))
    (fp_line (start 1.85 0.95) (end -1.85 0.95) (layer F.CrtYd) (width 0.05))
    (fp_text user %R (at 0 0 90) (layer F.Fab)
      (effects (font (size 0.5 0.5) (thickness 0.08)))
    )
    (pad 1 smd roundrect (at -1.025 0 90) (size 1.15 1.4) (layers F.Cu F.Paste F.Mask) (roundrect_rratio 0.217391)
      (net 9 /3V3X))
    (pad 2 smd roundrect (at 1.025 0 90) (size 1.15 1.4) (layers F.Cu F.Paste F.Mask) (roundrect_rratio 0.217391)
      (net 130 GNDA))
    (model ${KISYS3DMOD}/Capacitor_SMD.3dshapes/C_0805_2012Metric.wrl
      (at (xyz 0 0 0))
      (scale (xyz 1 1 1))
      (rotate (xyz 0 0 0))
    )
  )

  (module Capacitor_SMD:C_0603_1608Metric_Pad1.05x0.95mm_HandSolder (layer F.Cu) (tedit 5B301BBE) (tstamp 5C259E1D)
    (at 107.95 81.28 270)
    (descr "Capacitor SMD 0603 (1608 Metric), square (rectangular) end terminal, IPC_7351 nominal with elongated pad for handsoldering. (Body size source: http://www.tortai-tech.com/upload/download/2011102023233369053.pdf), generated with kicad-footprint-generator")
    (tags "capacitor handsolder")
    (path /5D595035)
    (attr smd)
    (fp_text reference C10 (at 0 -1.43 270) (layer F.SilkS)
      (effects (font (size 1 1) (thickness 0.15)))
    )
    (fp_text value 100nF (at 0 1.43 270) (layer F.Fab)
      (effects (font (size 1 1) (thickness 0.15)))
    )
    (fp_text user %R (at 0 0 270) (layer F.Fab)
      (effects (font (size 0.4 0.4) (thickness 0.06)))
    )
    (fp_line (start 1.65 0.73) (end -1.65 0.73) (layer F.CrtYd) (width 0.05))
    (fp_line (start 1.65 -0.73) (end 1.65 0.73) (layer F.CrtYd) (width 0.05))
    (fp_line (start -1.65 -0.73) (end 1.65 -0.73) (layer F.CrtYd) (width 0.05))
    (fp_line (start -1.65 0.73) (end -1.65 -0.73) (layer F.CrtYd) (width 0.05))
    (fp_line (start -0.171267 0.51) (end 0.171267 0.51) (layer F.SilkS) (width 0.12))
    (fp_line (start -0.171267 -0.51) (end 0.171267 -0.51) (layer F.SilkS) (width 0.12))
    (fp_line (start 0.8 0.4) (end -0.8 0.4) (layer F.Fab) (width 0.1))
    (fp_line (start 0.8 -0.4) (end 0.8 0.4) (layer F.Fab) (width 0.1))
    (fp_line (start -0.8 -0.4) (end 0.8 -0.4) (layer F.Fab) (width 0.1))
    (fp_line (start -0.8 0.4) (end -0.8 -0.4) (layer F.Fab) (width 0.1))
    (pad 2 smd roundrect (at 0.875 0 270) (size 1.05 0.95) (layers F.Cu F.Paste F.Mask) (roundrect_rratio 0.25)
      (net 17 "Net-(C10-Pad2)"))
    (pad 1 smd roundrect (at -0.875 0 270) (size 1.05 0.95) (layers F.Cu F.Paste F.Mask) (roundrect_rratio 0.25)
      (net 7 "Net-(AMP2-Pad2)"))
    (model ${KISYS3DMOD}/Capacitor_SMD.3dshapes/C_0603_1608Metric.wrl
      (at (xyz 0 0 0))
      (scale (xyz 1 1 1))
      (rotate (xyz 0 0 0))
    )
  )

  (module Capacitor_SMD:C_0603_1608Metric_Pad1.05x0.95mm_HandSolder (layer B.Cu) (tedit 5B301BBE) (tstamp 5C0F1E9C)
    (at 126.238 72.644 270)
    (descr "Capacitor SMD 0603 (1608 Metric), square (rectangular) end terminal, IPC_7351 nominal with elongated pad for handsoldering. (Body size source: http://www.tortai-tech.com/upload/download/2011102023233369053.pdf), generated with kicad-footprint-generator")
    (tags "capacitor handsolder")
    (path /58BAA4D3)
    (attr smd)
    (fp_text reference C11 (at 0 1.43 270) (layer B.SilkS)
      (effects (font (size 1 1) (thickness 0.15)) (justify mirror))
    )
    (fp_text value 100nF (at 0 -1.43 270) (layer B.Fab)
      (effects (font (size 1 1) (thickness 0.15)) (justify mirror))
    )
    (fp_text user %R (at 0 0 270) (layer B.Fab)
      (effects (font (size 0.4 0.4) (thickness 0.06)) (justify mirror))
    )
    (fp_line (start 1.65 -0.73) (end -1.65 -0.73) (layer B.CrtYd) (width 0.05))
    (fp_line (start 1.65 0.73) (end 1.65 -0.73) (layer B.CrtYd) (width 0.05))
    (fp_line (start -1.65 0.73) (end 1.65 0.73) (layer B.CrtYd) (width 0.05))
    (fp_line (start -1.65 -0.73) (end -1.65 0.73) (layer B.CrtYd) (width 0.05))
    (fp_line (start -0.171267 -0.51) (end 0.171267 -0.51) (layer B.SilkS) (width 0.12))
    (fp_line (start -0.171267 0.51) (end 0.171267 0.51) (layer B.SilkS) (width 0.12))
    (fp_line (start 0.8 -0.4) (end -0.8 -0.4) (layer B.Fab) (width 0.1))
    (fp_line (start 0.8 0.4) (end 0.8 -0.4) (layer B.Fab) (width 0.1))
    (fp_line (start -0.8 0.4) (end 0.8 0.4) (layer B.Fab) (width 0.1))
    (fp_line (start -0.8 -0.4) (end -0.8 0.4) (layer B.Fab) (width 0.1))
    (pad 2 smd roundrect (at 0.875 0 270) (size 1.05 0.95) (layers B.Cu B.Paste B.Mask) (roundrect_rratio 0.25)
      (net 1 GND))
    (pad 1 smd roundrect (at -0.875 0 270) (size 1.05 0.95) (layers B.Cu B.Paste B.Mask) (roundrect_rratio 0.25)
      (net 16 /3V3B))
    (model ${KISYS3DMOD}/Capacitor_SMD.3dshapes/C_0603_1608Metric.wrl
      (at (xyz 0 0 0))
      (scale (xyz 1 1 1))
      (rotate (xyz 0 0 0))
    )
  )

  (module Capacitor_SMD:C_0603_1608Metric_Pad1.05x0.95mm_HandSolder (layer B.Cu) (tedit 5B301BBE) (tstamp 5C259BD7)
    (at 141.224 66.294 180)
